-
130
145
171
414
662
1078
1405
1782
2225
2663
3153
3602
4132
4639
5147
5661
6268
6783
7399
8056
8708
9362
10050
10759
11413
11988
12605
13290
14207
14727
15375
16145
16764
17527
18168
18766
19510
20147
20934
21531
22210
22912
23611
24289
25106
26702
26658
27589
28491
29634
30709
30655
30625
30613
30684
30689
30972
30973
30711
30698

-
3
8
10
27
48
80
125
153
193
241
290
337
393
439
496
551
601
662
722
784
840
907
976
1050
1125
1200
1271
1361
1428
1487
1558
1623
1710
1791
1853
1916
2000
2086
2159
2229
2306
2384
2447
2534
2619
2683
2755
3155
3243
3347
3434
3537
3663
3782
3841
3835
3825
3856
4095
3842